((((a4@a3)+a5)*a2)+(a4@a1))|(((a4@a3)+a5)*a2)|((a4@a3)+a5)|(a4@a1)|(a4@a3)|a1|a2|a3|a4|a5|a6|o1|o2|o3|o4|o5|o6|o7|o8|o9|
########################################################################################################################
0                          |0                |0           |0      |0      |0 |0 |0 |0 |0 |0 |0 |0 |0 |1 |1 |0 |0 |0 |0 |
0                          |0                |0           |0      |0      |0 |0 |0 |0 |0 |1 |0 |0 |0 |1 |1 |1 |0 |0 |0 |
0                          |0                |1           |0      |0      |0 |0 |0 |0 |1 |0 |0 |0 |0 |1 |0 |0 |0 |0 |0 |
0                          |0                |1           |0      |0      |0 |0 |0 |0 |1 |1 |0 |0 |0 |1 |0 |1 |0 |0 |0 |
1                          |0                |1           |1      |1      |0 |0 |0 |1 |0 |0 |1 |1 |1 |0 |0 |0 |1 |0 |0 |
1                          |0                |1           |1      |1      |0 |0 |0 |1 |0 |1 |1 |1 |1 |0 |0 |1 |1 |1 |0 |
1                          |0                |1           |1      |1      |0 |0 |0 |1 |1 |0 |1 |1 |1 |0 |0 |0 |1 |0 |0 |
1                          |0                |1           |1      |1      |0 |0 |0 |1 |1 |1 |1 |1 |1 |0 |0 |1 |1 |1 |0 |
0                          |0                |1           |0      |1      |0 |0 |1 |0 |0 |0 |0 |0 |0 |0 |1 |0 |0 |1 |1 |
0                          |0                |1           |0      |1      |0 |0 |1 |0 |0 |1 |0 |0 |0 |0 |1 |1 |0 |1 |0 |
0                          |0                |1           |0      |1      |0 |0 |1 |0 |1 |0 |0 |0 |0 |0 |0 |1 |0 |1 |0 |
0                          |0                |1           |0      |1      |0 |0 |1 |0 |1 |1 |0 |0 |0 |0 |0 |1 |0 |1 |0 |
1                          |0                |0           |1      |0      |0 |0 |1 |1 |0 |0 |1 |1 |1 |0 |0 |1 |1 |1 |0 |
1                          |0                |0           |1      |0      |0 |0 |1 |1 |0 |1 |1 |1 |1 |0 |0 |1 |1 |1 |0 |
1                          |0                |1           |1      |0      |0 |0 |1 |1 |1 |0 |1 |1 |1 |0 |0 |1 |1 |1 |0 |
1                          |0                |1           |1      |0      |0 |0 |1 |1 |1 |1 |1 |1 |1 |0 |0 |1 |1 |1 |0 |
0                          |0                |0           |0      |0      |0 |1 |0 |0 |0 |0 |0 |0 |0 |1 |0 |0 |0 |0 |0 |
0                          |0                |0           |0      |0      |0 |1 |0 |0 |0 |1 |0 |0 |0 |1 |0 |1 |0 |0 |0 |
1                          |1                |1           |0      |0      |0 |1 |0 |0 |1 |0 |1 |1 |0 |0 |1 |0 |0 |1 |0 |
1                          |1                |1           |0      |0      |0 |1 |0 |0 |1 |1 |1 |1 |0 |0 |1 |1 |0 |1 |0 |
1                          |1                |1           |1      |1      |0 |1 |0 |1 |0 |0 |1 |1 |1 |0 |0 |0 |1 |0 |0 |
1                          |1                |1           |1      |1      |0 |1 |0 |1 |0 |1 |1 |1 |1 |0 |0 |1 |1 |1 |0 |
1                          |1                |1           |1      |1      |0 |1 |0 |1 |1 |0 |1 |1 |1 |0 |0 |0 |1 |0 |0 |
1                          |1                |1           |1      |1      |0 |1 |0 |1 |1 |1 |1 |1 |1 |0 |0 |1 |1 |1 |0 |
1                          |1                |1           |0      |1      |0 |1 |1 |0 |0 |0 |1 |1 |1 |0 |0 |0 |1 |1 |1 |
1                          |1                |1           |0      |1      |0 |1 |1 |0 |0 |1 |1 |1 |1 |0 |0 |1 |1 |1 |0 |
1                          |1                |1           |0      |1      |0 |1 |1 |0 |1 |0 |1 |1 |1 |0 |1 |1 |1 |1 |0 |
1                          |1                |1           |0      |1      |0 |1 |1 |0 |1 |1 |1 |1 |1 |0 |1 |1 |1 |1 |0 |
1                          |0                |0           |1      |0      |0 |1 |1 |1 |0 |0 |1 |1 |1 |0 |0 |1 |1 |1 |0 |
1                          |0                |0           |1      |0      |0 |1 |1 |1 |0 |1 |1 |1 |1 |0 |0 |1 |1 |1 |0 |
1                          |1                |1           |1      |0      |0 |1 |1 |1 |1 |0 |1 |1 |1 |0 |0 |1 |1 |1 |0 |
1                          |1                |1           |1      |0      |0 |1 |1 |1 |1 |1 |1 |1 |1 |0 |0 |1 |1 |1 |0 |
1                          |0                |0           |1      |0      |1 |0 |0 |0 |0 |0 |1 |1 |0 |0 |0 |0 |0 |1 |0 |
1                          |0                |0           |1      |0      |1 |0 |0 |0 |0 |1 |1 |1 |0 |0 |0 |1 |0 |1 |0 |
1                          |0                |1           |1      |0      |1 |0 |0 |0 |1 |0 |1 |1 |0 |0 |0 |0 |0 |1 |0 |
1                          |0                |1           |1      |0      |1 |0 |0 |0 |1 |1 |1 |1 |0 |0 |0 |1 |0 |1 |0 |
0                          |0                |1           |0      |1      |1 |0 |0 |1 |0 |0 |1 |0 |1 |1 |1 |0 |1 |1 |0 |
0                          |0                |1           |0      |1      |1 |0 |0 |1 |0 |1 |1 |0 |1 |1 |1 |1 |1 |1 |0 |
0                          |0                |1           |0      |1      |1 |0 |0 |1 |1 |0 |1 |0 |1 |1 |0 |0 |1 |1 |0 |
0                          |0                |1           |0      |1      |1 |0 |0 |1 |1 |1 |1 |0 |1 |1 |0 |1 |1 |1 |0 |
1                          |0                |1           |1      |1      |1 |0 |1 |0 |0 |0 |1 |1 |1 |0 |0 |0 |1 |1 |1 |
1                          |0                |1           |1      |1      |1 |0 |1 |0 |0 |1 |1 |1 |1 |0 |0 |1 |1 |1 |0 |
1                          |0                |1           |1      |1      |1 |0 |1 |0 |1 |0 |1 |1 |1 |0 |0 |1 |1 |1 |0 |
1                          |0                |1           |1      |1      |1 |0 |1 |0 |1 |1 |1 |1 |1 |0 |0 |1 |1 |1 |0 |
0                          |0                |0           |0      |0      |1 |0 |1 |1 |0 |0 |1 |0 |1 |0 |1 |1 |1 |1 |0 |
0                          |0                |0           |0      |0      |1 |0 |1 |1 |0 |1 |1 |0 |1 |0 |1 |1 |1 |1 |0 |
0                          |0                |1           |0      |0      |1 |0 |1 |1 |1 |0 |0 |0 |1 |0 |0 |1 |1 |1 |0 |
0                          |0                |1           |0      |0      |1 |0 |1 |1 |1 |1 |0 |0 |1 |0 |0 |1 |1 |1 |0 |
1                          |0                |0           |1      |0      |1 |1 |0 |0 |0 |0 |1 |1 |1 |1 |0 |0 |1 |1 |1 |
1                          |0                |0           |1      |0      |1 |1 |0 |0 |0 |1 |1 |1 |1 |1 |0 |1 |1 |1 |1 |
1                          |1                |1           |1      |0      |1 |1 |0 |0 |1 |0 |1 |1 |1 |1 |0 |1 |1 |1 |1 |
1                          |1                |1           |1      |0      |1 |1 |0 |0 |1 |1 |1 |1 |1 |1 |0 |1 |1 |1 |1 |
1                          |1                |1           |0      |1      |1 |1 |0 |1 |0 |0 |1 |1 |1 |1 |0 |1 |1 |1 |1 |
1                          |1                |1           |0      |1      |1 |1 |0 |1 |0 |1 |1 |1 |1 |1 |0 |1 |1 |1 |1 |
1                          |1                |1           |0      |1      |1 |1 |0 |1 |1 |0 |1 |1 |1 |1 |1 |1 |1 |1 |1 |
1                          |1                |1           |0      |1      |1 |1 |0 |1 |1 |1 |1 |1 |1 |1 |1 |1 |1 |1 |1 |
1                          |1                |1           |1      |1      |1 |1 |1 |0 |0 |0 |1 |1 |0 |1 |0 |0 |0 |1 |0 |
1                          |1                |1           |1      |1      |1 |1 |1 |0 |0 |1 |1 |1 |0 |1 |0 |1 |0 |1 |1 |
1                          |1                |1           |1      |1      |1 |1 |1 |0 |1 |0 |1 |1 |0 |1 |0 |0 |0 |1 |0 |
1                          |1                |1           |1      |1      |1 |1 |1 |0 |1 |1 |1 |1 |0 |1 |0 |1 |0 |1 |1 |
0                          |0                |0           |0      |0      |1 |1 |1 |1 |0 |0 |1 |0 |1 |0 |0 |0 |1 |1 |0 |
0                          |0                |0           |0      |0      |1 |1 |1 |1 |0 |1 |0 |0 |1 |0 |0 |1 |1 |0 |1 |
1                          |1                |1           |0      |0      |1 |1 |1 |1 |1 |0 |1 |1 |1 |1 |1 |0 |1 |0 |0 |
1                          |1                |1           |0      |0      |1 |1 |1 |1 |1 |1 |1 |1 |1 |1 |1 |1 |1 |0 |1 |
