(((((a6+a4)+a5)*(o1+a6))+~a3)@(~a2+~a1))|((((a6+a4)+a5)*(o1+a6))+~a3)|(((a6+a4)+a5)*(o1+a6))|((a6+a4)+a5)|(a6+a4)|(o1+a6)|(~a2+~a1)|a1|a2|a3|a4|a5|a6|o1|o2|o3|o4|o5|o6|o7|o8|~a1|~a2|~a3|
##################################################################################################################################################################################################
0                                       |1                           |0                     |0           |0      |0      |1        |0 |0 |0 |0 |0 |0 |0 |0 |0 |1 |1 |0 |0 |0 |1  |1  |1  |
0                                       |1                           |1                     |1           |1      |1      |1        |0 |0 |0 |0 |0 |1 |0 |0 |0 |1 |1 |1 |0 |0 |1  |1  |1  |
0                                       |1                           |0                     |1           |0      |0      |1        |0 |0 |0 |0 |1 |0 |0 |0 |0 |1 |0 |0 |0 |0 |1  |1  |1  |
0                                       |1                           |1                     |1           |1      |1      |1        |0 |0 |0 |0 |1 |1 |0 |0 |0 |1 |0 |1 |0 |0 |1  |1  |1  |
0                                       |1                           |0                     |1           |1      |0      |1        |0 |0 |0 |1 |0 |0 |0 |1 |1 |0 |0 |0 |1 |0 |1  |1  |1  |
0                                       |1                           |1                     |1           |1      |1      |1        |0 |0 |0 |1 |0 |1 |0 |1 |1 |0 |0 |1 |1 |1 |1  |1  |1  |
0                                       |1                           |0                     |1           |1      |0      |1        |0 |0 |0 |1 |1 |0 |0 |1 |1 |0 |0 |0 |1 |0 |1  |1  |1  |
0                                       |1                           |1                     |1           |1      |1      |1        |0 |0 |0 |1 |1 |1 |0 |1 |1 |0 |0 |1 |1 |1 |1  |1  |1  |
1                                       |0                           |0                     |0           |0      |1      |1        |0 |0 |1 |0 |0 |0 |1 |0 |0 |0 |1 |0 |0 |1 |1  |1  |0  |
0                                       |1                           |1                     |1           |1      |1      |1        |0 |0 |1 |0 |0 |1 |1 |0 |0 |0 |1 |1 |0 |1 |1  |1  |0  |
0                                       |1                           |1                     |1           |0      |1      |1        |0 |0 |1 |0 |1 |0 |1 |0 |0 |0 |0 |1 |0 |1 |1  |1  |0  |
0                                       |1                           |1                     |1           |1      |1      |1        |0 |0 |1 |0 |1 |1 |1 |0 |0 |0 |0 |1 |0 |1 |1  |1  |0  |
0                                       |1                           |1                     |1           |1      |1      |1        |0 |0 |1 |1 |0 |0 |1 |1 |1 |0 |0 |1 |1 |1 |1  |1  |0  |
0                                       |1                           |1                     |1           |1      |1      |1        |0 |0 |1 |1 |0 |1 |1 |1 |1 |0 |0 |1 |1 |1 |1  |1  |0  |
0                                       |1                           |1                     |1           |1      |1      |1        |0 |0 |1 |1 |1 |0 |1 |1 |1 |0 |0 |1 |1 |1 |1  |1  |0  |
0                                       |1                           |1                     |1           |1      |1      |1        |0 |0 |1 |1 |1 |1 |1 |1 |1 |0 |0 |1 |1 |1 |1  |1  |0  |
0                                       |1                           |0                     |0           |0      |0      |1        |0 |1 |0 |0 |0 |0 |0 |0 |0 |1 |0 |0 |0 |0 |1  |0  |1  |
0                                       |1                           |1                     |1           |1      |1      |1        |0 |1 |0 |0 |0 |1 |0 |0 |0 |1 |0 |1 |0 |0 |1  |0  |1  |
0                                       |1                           |0                     |1           |0      |0      |1        |0 |1 |0 |0 |1 |0 |0 |1 |0 |0 |1 |0 |0 |1 |1  |0  |1  |
0                                       |1                           |1                     |1           |1      |1      |1        |0 |1 |0 |0 |1 |1 |0 |1 |0 |0 |1 |1 |0 |1 |1  |0  |1  |
0                                       |1                           |0                     |1           |1      |0      |1        |0 |1 |0 |1 |0 |0 |0 |1 |1 |0 |0 |0 |1 |0 |1  |0  |1  |
0                                       |1                           |1                     |1           |1      |1      |1        |0 |1 |0 |1 |0 |1 |0 |1 |1 |0 |0 |1 |1 |1 |1  |0  |1  |
0                                       |1                           |0                     |1           |1      |0      |1        |0 |1 |0 |1 |1 |0 |0 |1 |1 |0 |0 |0 |1 |0 |1  |0  |1  |
0                                       |1                           |1                     |1           |1      |1      |1        |0 |1 |0 |1 |1 |1 |0 |1 |1 |0 |0 |1 |1 |1 |1  |0  |1  |
1                                       |0                           |0                     |0           |0      |1      |1        |0 |1 |1 |0 |0 |0 |1 |1 |1 |0 |0 |0 |1 |1 |1  |0  |0  |
0                                       |1                           |1                     |1           |1      |1      |1        |0 |1 |1 |0 |0 |1 |1 |1 |1 |0 |0 |1 |1 |1 |1  |0  |0  |
0                                       |1                           |1                     |1           |0      |1      |1        |0 |1 |1 |0 |1 |0 |1 |1 |1 |0 |1 |1 |1 |1 |1  |0  |0  |
0                                       |1                           |1                     |1           |1      |1      |1        |0 |1 |1 |0 |1 |1 |1 |1 |1 |0 |1 |1 |1 |1 |1  |0  |0  |
0                                       |1                           |1                     |1           |1      |1      |1        |0 |1 |1 |1 |0 |0 |1 |1 |1 |0 |0 |1 |1 |1 |1  |0  |0  |
0                                       |1                           |1                     |1           |1      |1      |1        |0 |1 |1 |1 |0 |1 |1 |1 |1 |0 |0 |1 |1 |1 |1  |0  |0  |
0                                       |1                           |1                     |1           |1      |1      |1        |0 |1 |1 |1 |1 |0 |1 |1 |1 |0 |0 |1 |1 |1 |1  |0  |0  |
0                                       |1                           |1                     |1           |1      |1      |1        |0 |1 |1 |1 |1 |1 |1 |1 |1 |0 |0 |1 |1 |1 |1  |0  |0  |
0                                       |1                           |0                     |0           |0      |0      |1        |1 |0 |0 |0 |0 |0 |0 |1 |0 |0 |0 |0 |0 |1 |0  |1  |1  |
0                                       |1                           |1                     |1           |1      |1      |1        |1 |0 |0 |0 |0 |1 |0 |1 |0 |0 |0 |1 |0 |1 |0  |1  |1  |
0                                       |1                           |0                     |1           |0      |0      |1        |1 |0 |0 |0 |1 |0 |0 |1 |0 |0 |0 |0 |0 |1 |0  |1  |1  |
0                                       |1                           |1                     |1           |1      |1      |1        |1 |0 |0 |0 |1 |1 |0 |1 |0 |0 |0 |1 |0 |1 |0  |1  |1  |
0                                       |1                           |0                     |1           |1      |0      |1        |1 |0 |0 |1 |0 |0 |0 |0 |1 |1 |1 |0 |1 |1 |0  |1  |1  |
0                                       |1                           |1                     |1           |1      |1      |1        |1 |0 |0 |1 |0 |1 |0 |0 |1 |1 |1 |1 |1 |1 |0  |1  |1  |
0                                       |1                           |0                     |1           |1      |0      |1        |1 |0 |0 |1 |1 |0 |0 |0 |1 |1 |0 |0 |1 |1 |0  |1  |1  |
0                                       |1                           |1                     |1           |1      |1      |1        |1 |0 |0 |1 |1 |1 |0 |0 |1 |1 |0 |1 |1 |1 |0  |1  |1  |
1                                       |0                           |0                     |0           |0      |1      |1        |1 |0 |1 |0 |0 |0 |1 |1 |1 |0 |0 |0 |1 |1 |0  |1  |0  |
0                                       |1                           |1                     |1           |1      |1      |1        |1 |0 |1 |0 |0 |1 |1 |1 |1 |0 |0 |1 |1 |1 |0  |1  |0  |
0                                       |1                           |1                     |1           |0      |1      |1        |1 |0 |1 |0 |1 |0 |1 |1 |1 |0 |0 |1 |1 |1 |0  |1  |0  |
0                                       |1                           |1                     |1           |1      |1      |1        |1 |0 |1 |0 |1 |1 |1 |1 |1 |0 |0 |1 |1 |1 |0  |1  |0  |
0                                       |1                           |1                     |1           |1      |1      |1        |1 |0 |1 |1 |0 |0 |1 |0 |1 |0 |1 |1 |1 |1 |0  |1  |0  |
0                                       |1                           |1                     |1           |1      |1      |1        |1 |0 |1 |1 |0 |1 |1 |0 |1 |0 |1 |1 |1 |1 |0  |1  |0  |
0                                       |1                           |1                     |1           |1      |1      |1        |1 |0 |1 |1 |1 |0 |1 |0 |1 |0 |0 |1 |1 |1 |0  |1  |0  |
0                                       |1                           |1                     |1           |1      |1      |1        |1 |0 |1 |1 |1 |1 |1 |0 |1 |0 |0 |1 |1 |1 |0  |1  |0  |
1                                       |1                           |0                     |0           |0      |1      |0        |1 |1 |0 |0 |0 |0 |1 |1 |1 |1 |0 |0 |1 |1 |0  |0  |1  |
1                                       |1                           |1                     |1           |1      |1      |0        |1 |1 |0 |0 |0 |1 |1 |1 |1 |1 |0 |1 |1 |1 |0  |0  |1  |
1                                       |1                           |1                     |1           |0      |1      |0        |1 |1 |0 |0 |1 |0 |1 |1 |1 |1 |0 |1 |1 |1 |0  |0  |1  |
1                                       |1                           |1                     |1           |1      |1      |0        |1 |1 |0 |0 |1 |1 |1 |1 |1 |1 |0 |1 |1 |1 |0  |0  |1  |
1                                       |1                           |1                     |1           |1      |1      |0        |1 |1 |0 |1 |0 |0 |1 |1 |1 |1 |0 |1 |1 |1 |0  |0  |1  |
1                                       |1                           |1                     |1           |1      |1      |0        |1 |1 |0 |1 |0 |1 |1 |1 |1 |1 |0 |1 |1 |1 |0  |0  |1  |
1                                       |1                           |1                     |1           |1      |1      |0        |1 |1 |0 |1 |1 |0 |1 |1 |1 |1 |1 |1 |1 |1 |0  |0  |1  |
1                                       |1                           |1                     |1           |1      |1      |0        |1 |1 |0 |1 |1 |1 |1 |1 |1 |1 |1 |1 |1 |1 |0  |0  |1  |
0                                       |0                           |0                     |0           |0      |0      |0        |1 |1 |1 |0 |0 |0 |0 |1 |0 |1 |0 |0 |0 |1 |0  |0  |0  |
1                                       |1                           |1                     |1           |1      |1      |0        |1 |1 |1 |0 |0 |1 |0 |1 |0 |1 |0 |1 |0 |1 |0  |0  |0  |
0                                       |0                           |0                     |1           |0      |0      |0        |1 |1 |1 |0 |1 |0 |0 |1 |0 |1 |0 |0 |0 |1 |0  |0  |0  |
1                                       |1                           |1                     |1           |1      |1      |0        |1 |1 |1 |0 |1 |1 |0 |1 |0 |1 |0 |1 |0 |1 |0  |0  |0  |
0                                       |0                           |0                     |1           |1      |0      |0        |1 |1 |1 |1 |0 |0 |0 |0 |1 |0 |0 |0 |1 |1 |0  |0  |0  |
1                                       |1                           |1                     |1           |1      |1      |0        |1 |1 |1 |1 |0 |1 |0 |0 |1 |0 |0 |1 |1 |0 |0  |0  |0  |
0                                       |0                           |0                     |1           |1      |0      |0        |1 |1 |1 |1 |1 |0 |0 |1 |1 |1 |1 |0 |1 |0 |0  |0  |0  |
1                                       |1                           |1                     |1           |1      |1      |0        |1 |1 |1 |1 |1 |1 |0 |1 |1 |1 |1 |1 |1 |0 |0  |0  |0  |
